-3.008E-11
-1.473E-09
-3.557E-09
-6.359E-09
3.471E-03
5.180E-02
1.925E-01
4.141E-01
6.680E-01
9.313E-01
1.159E+00
1.353E+00
1.484E+00
1.550E+00
1.542E+00
1.465E+00
1.335E+00
1.169E+00
9.820E-01
8.028E-01
6.453E-01
5.295E-01
4.643E-01
4.567E-01
5.045E-01
5.986E-01
7.305E-01
8.810E-01
1.038E+00
1.179E+00
1.295E+00
1.370E+00
1.402E+00
1.387E+00
1.331E+00
1.242E+00
1.126E+00
1.006E+00
8.878E-01
7.845E-01
7.113E-01
6.701E-01
6.667E-01
6.989E-01
7.604E-01
8.458E-01
9.427E-01
1.042E+00
1.131E+00
1.202E+00
1.249E+00
1.265E+00
1.253E+00
1.213E+00
1.153E+00
1.080E+00
9.999E-01
9.242E-01
8.585E-01
8.131E-01
7.883E-01
7.880E-01
8.105E-01
8.513E-01
9.078E-01
9.698E-01
1.034E+00
1.090E+00
1.135E+00
1.163E+00
1.172E+00
1.162E+00
1.135E+00
1.095E+00
1.047E+00
9.956E-01
9.468E-01
9.064E-01
8.774E-01
8.631E-01
8.643E-01
8.800E-01
9.072E-01
9.444E-01
9.843E-01
1.025E+00
1.062E+00
1.089E+00
1.106E+00
1.111E+00
1.103E+00
1.085E+00
1.059E+00
1.027E+00
9.941E-01
9.633E-01
9.375E-01
9.198E-01
9.115E-01
9.131E-01
9.240E-01