4.924E-08
3.079E-08
-2.001E-09
2.266E-06
3.671E-03
5.061E-02
1.954E-01
4.254E-01
6.616E-01
9.373E-01
1.149E+00
1.337E+00
1.478E+00
1.546E+00
1.538E+00
1.476E+00
1.339E+00
1.175E+00
9.971E-01
8.280E-01
6.666E-01
5.581E-01
4.877E-01
4.698E-01
5.038E-01
5.951E-01
7.191E-01
8.560E-01
1.006E+00
1.135E+00
1.256E+00
1.334E+00
1.375E+00
1.374E+00
1.332E+00
1.252E+00
1.145E+00
1.041E+00
9.238E-01
8.307E-01
7.607E-01
7.092E-01
6.924E-01
7.086E-01
7.574E-01
8.193E-01
9.045E-01
9.959E-01
1.087E+00
1.157E+00
1.207E+00
1.235E+00
1.236E+00
1.214E+00
1.163E+00
1.102E+00
1.034E+00
9.670E-01
9.092E-01
8.567E-01
8.255E-01
8.141E-01
8.226E-01
8.484E-01
8.938E-01
9.439E-01
9.974E-01
1.049E+00
1.094E+00
1.125E+00
1.142E+00
1.143E+00
1.129E+00
1.101E+00
1.065E+00
1.025E+00
9.835E-01
9.475E-01
9.142E-01
8.952E-01
8.882E-01
8.932E-01
9.083E-01
9.350E-01
9.622E-01
9.972E-01
1.026E+00
1.054E+00
1.072E+00
1.084E+00
1.087E+00
1.080E+00
1.062E+00
1.042E+00
1.015E+00
9.926E-01
9.710E-01
9.498E-01
9.372E-01
9.315E-01
9.338E-01
9.413E-01
9.590E-01
9.779E-01
9.980E-01
1.017E+00
1.032E+00
1.046E+00
1.053E+00
1.053E+00
1.048E+00
1.038E+00
1.026E+00
1.009E+00
9.951E-01
9.793E-01
9.688E-01
9.608E-01
9.576E-01
9.593E-01
9.652E-01
9.740E-01
9.832E-01
9.964E-01
1.009E+00
1.019E+00
1.027E+00
1.032E+00
1.033E+00
1.031E+00
1.026E+00
1.018E+00
1.008E+00
9.981E-01
9.906E-01
9.821E-01
9.769E-01
9.740E-01
9.743E-01
9.767E-01
9.830E-01
9.895E-01
9.977E-01
1.005E+00
1.012E+00
1.017E+00
1.020E+00
1.021E+00
1.020E+00
1.016E+00
1.011E+00
1.005E+00
9.995E-01
9.936E-01
9.895E-01
9.858E-01
9.840E-01
9.839E-01
9.856E-01
9.891E-01
9.930E-01
9.979E-01
1.002E+00
1.007E+00
1.010E+00
1.012E+00
1.013E+00
1.012E+00
1.010E+00
1.007E+00
1.003E+00
1.000E+00
9.962E-01
9.933E-01
9.912E-01
9.902E-01
9.901E-01
9.911E-01
9.930E-01
9.953E-01
9.984E-01
1.001E+00
1.003E+00
1.006E+00
1.007E+00
1.008E+00
1.008E+00
1.007E+00
1.005E+00
1.003E+00
1.001E+00
9.984E-01
9.965E-01
9.951E-01
9.941E-01
9.938E-01
9.942E-01
9.954E-01
9.965E-01
9.983E-01
1.000E+00
1.002E+00
1.003E+00
1.004E+00
1.005E+00
1.005E+00
1.004E+00
1.003E+00
1.002E+00
1.001E+00
9.993E-01
9.983E-01
9.972E-01
9.965E-01
9.962E-01
9.963E-01
9.967E-01
9.976E-01
9.987E-01
9.998E-01
1.001E+00
1.002E+00
1.002E+00
1.003E+00
1.003E+00
1.003E+00
1.002E+00
1.002E+00
1.001E+00
9.999E-01
9.992E-01
9.983E-01
9.978E-01
9.976E-01
9.976E-01
9.979E-01
9.984E-01
9.990E-01
9.997E-01
1.000E+00
1.001E+00
1.002E+00
1.002E+00
1.002E+00
1.002E+00
1.002E+00
1.001E+00
1.001E+00
1.000E+00
9.994E-01
9.990E-01
9.987E-01
9.985E-01
9.985E-01
9.986E-01
9.989E-01
9.993E-01
9.997E-01
1.000E+00
1.001E+00
1.001E+00
1.001E+00
1.001E+00
1.001E+00
1.001E+00
1.001E+00
1.000E+00
1.000E+00
9.997E-01
9.994E-01
9.992E-01
9.991E-01
9.990E-01
9.991E-01
9.992E-01
9.995E-01
9.997E-01
1.000E+00
1.000E+00
1.001E+00
1.001E+00
1.001E+00
1.001E+00
1.001E+00
1.001E+00
1.000E+00
1.000E+00
9.999E-01
9.997E-01
9.996E-01
9.994E-01
9.994E-01
9.994E-01
9.995E-01
9.996E-01
9.997E-01
9.999E-01
1.000E+00
1.000E+00
1.000E+00
1.000E+00
1.001E+00
1.000E+00
1.000E+00
1.000E+00
1.000E+00
1.000E+00
9.999E-01
9.998E-01
9.997E-01
9.996E-01
9.996E-01
9.996E-01
9.997E-01
9.998E-01
9.999E-01
1.000E+00
1.000E+00
1.000E+00
1.000E+00
1.000E+00
1.000E+00
1.000E+00
1.000E+00
1.000E+00
1.000E+00
1.000E+00
9.999E-01
9.998E-01
9.998E-01
9.997E-01
9.997E-01
9.998E-01
9.998E-01
9.999E-01
1.000E+00
1.000E+00
1.000E+00
1.000E+00
1.000E+00
1.000E+00
1.000E+00
1.000E+00
1.000E+00
1.000E+00
1.000E+00
1.000E+00
9.999E-01
9.999E-01
9.998E-01
9.998E-01
9.998E-01
9.998E-01
9.999E-01
9.999E-01
1.000E+00
1.000E+00
1.000E+00
1.000E+00
1.000E+00
1.000E+00
1.000E+00
1.000E+00
1.000E+00
1.000E+00
1.000E+00
1.000E+00
9.999E-01
9.999E-01
9.999E-01
9.999E-01
9.999E-01
9.999E-01
9.999E-01
1.000E+00
1.000E+00
1.000E+00
1.000E+00
1.000E+00
1.000E+00
1.000E+00
1.000E+00
1.000E+00
1.000E+00
1.000E+00
1.000E+00
1.000E+00
9.999E-01
9.999E-01
9.999E-01
9.999E-01
9.999E-01
9.999E-01
9.999E-01
1.000E+00
1.000E+00
1.000E+00
1.000E+00
1.000E+00
1.000E+00
1.000E+00
1.000E+00
1.000E+00
1.000E+00
1.000E+00
1.000E+00
1.000E+00
9.999E-01
9.999E-01
9.999E-01
9.999E-01
9.999E-01
9.999E-01
1.000E+00
1.000E+00
1.000E+00
1.000E+00
1.000E+00
1.000E+00
1.000E+00
1.000E+00
1.000E+00
1.000E+00
1.000E+00
1.000E+00
1.000E+00
1.000E+00
9.999E-01
9.999E-01
9.999E-01
9.999E-01
1.000E+00
1.000E+00
1.000E+00
1.000E+00
1.000E+00
1.000E+00
1.000E+00
1.000E+00
1.000E+00
1.000E+00
1.000E+00
1.000E+00
1.000E+00
1.000E+00
1.000E+00
1.000E+00
1.000E+00
1.000E+00
1.000E+00
1.000E+00
1.000E+00
1.000E+00
1.000E+00
1.000E+00
1.000E+00
1.000E+00
1.000E+00
1.000E+00
1.000E+00
1.000E+00
1.000E+00
1.000E+00
1.000E+00
1.000E+00
1.000E+00
1.000E+00
1.000E+00
1.000E+00
1.000E+00
1.000E+00
1.000E+00
1.000E+00
1.000E+00
1.000E+00
1.000E+00
1.000E+00
1.000E+00
1.000E+00
1.000E+00
1.000E+00
1.000E+00
1.000E+00
1.000E+00
1.000E+00
1.000E+00
1.000E+00
1.000E+00
1.000E+00
1.000E+00
1.000E+00
1.000E+00
1.000E+00
1.000E+00
1.000E+00
1.000E+00
1.000E+00
1.000E+00
1.000E+00
1.000E+00
1.000E+00
1.000E+00
1.000E+00
1.000E+00
1.000E+00
1.000E+00
1.000E+00
1.000E+00
1.000E+00
1.000E+00
1.000E+00
1.000E+00
1.000E+00
1.000E+00
1.000E+00
1.000E+00
1.000E+00
1.000E+00
1.000E+00
1.000E+00
1.000E+00
1.000E+00
1.000E+00
1.000E+00
1.000E+00
1.000E+00
1.000E+00
1.000E+00
1.000E+00
1.000E+00
1.000E+00
1.000E+00
1.000E+00
1.000E+00
1.000E+00
1.000E+00
1.000E+00
1.000E+00
1.000E+00
1.000E+00
1.000E+00
1.000E+00
1.000E+00
1.000E+00
1.000E+00
1.000E+00
1.000E+00
1.000E+00
1.000E+00
1.000E+00
1.000E+00
1.000E+00
1.000E+00
1.000E+00
1.000E+00
1.000E+00
1.000E+00
1.000E+00
1.000E+00
1.000E+00
1.000E+00
1.000E+00
1.000E+00
1.000E+00
1.000E+00
1.000E+00
1.000E+00
1.000E+00
1.000E+00
1.000E+00
1.000E+00
1.000E+00
1.000E+00
1.000E+00
1.000E+00
1.000E+00
1.000E+00
1.000E+00
1.000E+00
1.000E+00
1.000E+00
1.000E+00
1.000E+00
1.000E+00
1.000E+00
1.000E+00
1.000E+00
9.999E-01
9.999E-01
9.999E-01
9.999E-01
1.000E+00
1.000E+00
1.000E+00
1.000E+00
1.000E+00
1.000E+00
1.000E+00
1.000E+00
1.000E+00
1.000E+00
1.000E+00
1.000E+00
1.000E+00
1.000E+00
1.000E+00
1.000E+00
1.000E+00
1.000E+00
1.000E+00
1.000E+00
1.000E+00
1.000E+00
1.000E+00
1.000E+00
1.000E+00
1.000E+00
1.000E+00
1.000E+00
1.000E+00
1.000E+00
1.000E+00
1.000E+00
1.000E+00
1.000E+00
1.000E+00
1.000E+00
1.000E+00
1.000E+00
1.000E+00
1.000E+00
1.000E+00
1.000E+00
1.000E+00
1.000E+00
1.000E+00
1.000E+00
1.000E+00
1.000E+00
1.000E+00
1.000E+00
1.000E+00
1.000E+00
1.000E+00
1.000E+00
1.000E+00
1.000E+00
1.000E+00
1.000E+00
1.000E+00
1.000E+00
1.000E+00
1.000E+00
1.000E+00
1.000E+00
1.000E+00
1.000E+00
1.000E+00
1.000E+00
1.000E+00
1.000E+00
1.000E+00
1.000E+00
1.000E+00
1.000E+00
1.000E+00
1.000E+00
1.000E+00
1.000E+00
1.000E+00
1.000E+00
1.000E+00
1.000E+00
1.000E+00
1.000E+00
1.000E+00
1.000E+00
1.000E+00
1.000E+00
1.000E+00
1.000E+00
1.000E+00
1.000E+00
1.000E+00
1.000E+00
1.000E+00
1.000E+00
1.000E+00
1.000E+00
1.000E+00
1.000E+00
1.000E+00
1.000E+00
1.000E+00
1.000E+00
1.000E+00
1.000E+00
1.000E+00
1.000E+00
1.000E+00
1.000E+00
1.000E+00
1.000E+00
1.000E+00
1.000E+00
1.000E+00
1.000E+00
1.000E+00
1.000E+00
1.000E+00
1.000E+00
1.000E+00
1.000E+00
1.000E+00
1.000E+00
1.000E+00
1.000E+00
1.000E+00
1.000E+00
1.000E+00
1.000E+00
1.000E+00
1.000E+00
1.000E+00
1.000E+00
1.000E+00
1.000E+00
1.000E+00
1.000E+00
1.000E+00
1.000E+00
1.000E+00
1.000E+00
1.000E+00
1.000E+00
1.000E+00
1.000E+00
1.000E+00
1.000E+00
1.000E+00
1.000E+00
1.000E+00
1.000E+00
1.000E+00
1.000E+00
1.000E+00
1.000E+00
9.999E-01
9.999E-01
9.999E-01
9.999E-01
1.000E+00
1.000E+00
1.000E+00
1.000E+00
1.000E+00
1.000E+00
1.000E+00
1.000E+00
1.000E+00
1.000E+00
1.000E+00
1.000E+00
1.000E+00
1.000E+00
1.000E+00
1.000E+00
1.000E+00
1.000E+00
1.000E+00
1.000E+00
1.000E+00
1.000E+00
1.000E+00
1.000E+00
1.000E+00
1.000E+00
1.000E+00
1.000E+00
1.000E+00
1.000E+00
1.000E+00
1.000E+00
1.000E+00
1.000E+00
1.000E+00
1.000E+00
1.000E+00
1.000E+00
1.000E+00
1.000E+00
1.000E+00
1.000E+00
1.000E+00
1.000E+00
1.000E+00
1.000E+00
1.000E+00
1.000E+00
1.000E+00
1.000E+00
1.000E+00
1.000E+00
1.000E+00
1.000E+00
1.000E+00
1.000E+00
1.000E+00
1.000E+00
1.000E+00
1.000E+00
1.000E+00
1.000E+00
1.000E+00
1.000E+00
1.000E+00
1.000E+00
1.000E+00
1.000E+00
1.000E+00
1.000E+00
1.000E+00
1.000E+00
1.000E+00
1.000E+00
1.000E+00
1.000E+00
1.000E+00
1.000E+00
1.000E+00
1.000E+00
1.000E+00
1.000E+00
1.000E+00
1.000E+00
1.000E+00
1.000E+00
1.000E+00
1.000E+00
1.000E+00
1.000E+00
1.000E+00
1.000E+00
1.000E+00
1.000E+00
1.000E+00
1.000E+00
1.000E+00
1.000E+00
1.000E+00
1.000E+00
1.000E+00
1.000E+00
1.000E+00
1.000E+00
1.000E+00
1.000E+00
1.000E+00
1.000E+00
1.000E+00
1.000E+00
1.000E+00
1.000E+00
1.000E+00
1.000E+00
1.000E+00
1.000E+00
1.000E+00
1.000E+00
1.000E+00
1.000E+00
1.000E+00
1.000E+00
1.000E+00
1.000E+00
1.000E+00
1.000E+00
1.000E+00
1.000E+00
1.000E+00
1.000E+00
1.000E+00
1.000E+00
1.000E+00
1.000E+00
1.000E+00
1.000E+00
1.000E+00
1.000E+00
1.000E+00
1.000E+00
1.000E+00
1.000E+00
1.000E+00
1.000E+00
1.000E+00
1.000E+00
1.000E+00
1.000E+00
1.000E+00
1.000E+00
1.000E+00
1.000E+00
1.000E+00
1.000E+00
1.000E+00
1.000E+00
9.999E-01
9.999E-01
9.999E-01
9.999E-01
1.000E+00
1.000E+00
1.000E+00
1.000E+00
1.000E+00
1.000E+00
1.000E+00
1.000E+00
1.000E+00
1.000E+00
1.000E+00
1.000E+00
1.000E+00
1.000E+00
1.000E+00
1.000E+00
1.000E+00
1.000E+00
1.000E+00
1.000E+00
1.000E+00
1.000E+00
1.000E+00
1.000E+00
1.000E+00
1.000E+00
1.000E+00
1.000E+00
1.000E+00
1.000E+00
1.000E+00
1.000E+00
1.000E+00
1.000E+00
1.000E+00
1.000E+00
1.000E+00
1.000E+00
1.000E+00
1.000E+00
1.000E+00
1.000E+00
1.000E+00
1.000E+00
1.000E+00
1.000E+00
1.000E+00
1.000E+00
1.000E+00
1.000E+00
1.000E+00
1.000E+00
1.000E+00
1.000E+00
1.000E+00
1.000E+00
1.000E+00
1.000E+00
1.000E+00
1.000E+00
1.000E+00
1.000E+00
1.000E+00
1.000E+00
1.000E+00
1.000E+00
1.000E+00
1.000E+00
1.000E+00
1.000E+00
1.000E+00
1.000E+00
1.000E+00
1.000E+00
1.000E+00
1.000E+00
1.000E+00
1.000E+00
1.000E+00
1.000E+00
1.000E+00
1.000E+00
1.000E+00
1.000E+00
1.000E+00
1.000E+00
1.000E+00
1.000E+00
1.000E+00
1.000E+00