0.0
1.054E-02
1.006E-01
2.952E-01
5.561E-01
8.091E-01
9.990E-01
1.099E+00
1.114E+00
1.065E+00
9.823E-01
9.034E-01
8.466E-01
8.245E-01
8.356E-01
8.702E-01
9.163E-01
9.594E-01
9.907E-01
1.008E+00
1.010E+00
1.002E+00
9.886E-01
9.761E-01
9.681E-01
9.656E-01
9.686E-01
9.752E-01
9.833E-01
9.909E-01
9.963E-01
9.991E-01
9.995E-01
9.982E-01
9.962E-01
9.944E-01
9.933E-01
9.931E-01
9.938E-01
9.951E-01
9.966E-01
9.979E-01
9.988E-01
9.993E-01
9.994E-01
9.992E-01
9.989E-01
9.987E-01
9.986E-01
9.986E-01
9.988E-01
9.990E-01
9.993E-01
9.995E-01
9.997E-01
9.998E-01
9.998E-01
9.998E-01
9.997E-01
9.997E-01
9.997E-01
9.997E-01
9.997E-01
9.998E-01
9.998E-01
9.999E-01
9.999E-01
9.999E-01
9.999E-01
9.999E-01
9.999E-01
9.999E-01
9.999E-01
9.999E-01
9.999E-01
1.000E+00
1.000E+00
1.000E+00
1.000E+00
1.000E+00
1.000E+00
1.000E+00
1.000E+00
1.000E+00
1.000E+00
1.000E+00
1.000E+00
1.000E+00
1.000E+00
1.000E+00
1.000E+00
1.000E+00
1.000E+00
1.000E+00
1.000E+00
1.000E+00
1.000E+00
1.000E+00
1.000E+00
1.000E+00
1.000E+00