-5.387E-10
2.239E-06
2.750E-05
1.266E-04
3.735E-04
8.570E-04
1.675E-03
2.881E-03
4.564E-03
6.819E-03
9.726E-03
1.336E-02
1.778E-02
2.304E-02
2.920E-02
3.630E-02
4.435E-02
5.355E-02
6.412E-02
7.579E-02
8.856E-02
1.024E-01
1.173E-01
1.333E-01
1.502E-01
1.681E-01
1.869E-01
2.060E-01
2.269E-01
2.443E-01
2.650E-01
2.864E-01
3.083E-01
3.314E-01
3.553E-01
3.796E-01
4.043E-01
4.292E-01
4.542E-01
4.794E-01
5.046E-01
5.298E-01
5.550E-01
5.796E-01
6.033E-01
6.267E-01
6.498E-01
6.726E-01
6.951E-01
7.171E-01
7.386E-01
7.597E-01
7.802E-01
8.026E-01
8.220E-01
8.407E-01
8.587E-01
8.771E-01
8.964E-01
9.126E-01
9.267E-01
9.411E-01
9.555E-01
9.683E-01
9.806E-01
9.930E-01
1.003E+00
1.013E+00
1.023E+00
1.029E+00
1.037E+00
1.044E+00
1.050E+00
1.056E+00
1.060E+00
1.064E+00
1.067E+00
1.069E+00
1.070E+00
1.072E+00
1.072E+00
1.072E+00
1.071E+00
1.070E+00
1.068E+00
1.065E+00
1.062E+00
1.059E+00
1.055E+00
1.051E+00
1.047E+00
1.042E+00
1.037E+00
1.032E+00
1.026E+00
1.020E+00
1.013E+00
1.008E+00
1.001E+00
9.939E-01
9.871E-01
9.806E-01
9.751E-01
9.682E-01
9.613E-01
9.545E-01
9.477E-01
9.410E-01
9.344E-01
9.279E-01
9.215E-01
9.155E-01
9.097E-01
9.041E-01
8.987E-01
8.934E-01
8.884E-01
8.836E-01
8.790E-01
8.746E-01
8.705E-01
8.666E-01
8.628E-01
8.593E-01
8.560E-01
8.531E-01
8.504E-01
8.481E-01
8.460E-01
8.442E-01
8.427E-01
8.415E-01
8.406E-01
8.399E-01
8.396E-01
8.394E-01
8.395E-01
8.399E-01
8.404E-01
8.413E-01
8.423E-01
8.435E-01
8.449E-01
8.466E-01
8.485E-01
8.506E-01
8.529E-01
8.554E-01
8.580E-01
8.607E-01
8.636E-01
8.667E-01
8.694E-01
8.730E-01
8.761E-01
8.792E-01
8.830E-01
8.859E-01
8.896E-01
8.932E-01
8.969E-01
9.006E-01
9.044E-01
9.081E-01
9.119E-01
9.156E-01
9.191E-01
9.226E-01
9.261E-01
9.296E-01
9.325E-01
9.363E-01
9.399E-01
9.429E-01
9.459E-01
9.493E-01
9.520E-01
9.550E-01
9.579E-01
9.610E-01
9.638E-01
9.661E-01
9.685E-01
9.708E-01
9.730E-01
9.751E-01
9.771E-01
9.790E-01
9.809E-01
9.827E-01
9.843E-01
9.857E-01
9.870E-01
9.882E-01
9.893E-01
9.903E-01
9.912E-01
9.920E-01
9.927E-01
9.933E-01
9.938E-01
9.942E-01
9.946E-01
9.948E-01
9.949E-01
9.950E-01
9.950E-01
9.949E-01
9.947E-01
9.945E-01
9.942E-01
9.938E-01
9.934E-01
9.930E-01
9.925E-01
9.919E-01
9.914E-01
9.908E-01
9.900E-01
9.893E-01
9.886E-01
9.879E-01
9.872E-01
9.864E-01
9.857E-01
9.849E-01
9.841E-01
9.833E-01
9.825E-01
9.817E-01
9.809E-01
9.801E-01
9.794E-01
9.786E-01
9.779E-01
9.773E-01
9.766E-01
9.760E-01
9.754E-01
9.748E-01
9.743E-01
9.737E-01
9.732E-01
9.727E-01
9.723E-01
9.719E-01
9.715E-01
9.712E-01
9.709E-01
9.706E-01
9.705E-01
9.703E-01
9.701E-01
9.700E-01
9.700E-01
9.699E-01
9.699E-01
9.700E-01
9.701E-01
9.702E-01
9.703E-01
9.705E-01
9.707E-01
9.709E-01
9.712E-01
9.715E-01
9.718E-01
9.722E-01
9.725E-01
9.729E-01
9.733E-01
9.737E-01
9.742E-01
9.747E-01
9.752E-01
9.757E-01
9.762E-01
9.767E-01
9.772E-01
9.778E-01
9.784E-01
9.788E-01
9.794E-01
9.800E-01
9.806E-01
9.812E-01
9.817E-01
9.822E-01
9.829E-01
9.835E-01
9.840E-01
9.846E-01
9.851E-01
9.856E-01
9.861E-01
9.866E-01
9.871E-01
9.876E-01
9.881E-01
9.886E-01
9.891E-01
9.895E-01
9.900E-01
9.904E-01
9.908E-01
9.911E-01
9.915E-01
9.919E-01
9.922E-01
9.926E-01
9.929E-01
9.932E-01
9.934E-01
9.937E-01
9.940E-01
9.942E-01
9.944E-01
9.946E-01
9.948E-01
9.949E-01
9.951E-01
9.952E-01
9.953E-01
9.954E-01
9.955E-01
9.956E-01
9.957E-01
9.958E-01
9.958E-01
9.959E-01
9.959E-01
9.959E-01
9.959E-01
9.959E-01
9.959E-01
9.959E-01
9.958E-01
9.958E-01
9.958E-01
9.957E-01
9.957E-01
9.956E-01
9.956E-01
9.955E-01
9.954E-01
9.954E-01
9.953E-01
9.952E-01
9.951E-01
9.951E-01
9.950E-01
9.949E-01
9.948E-01
9.948E-01
9.947E-01
9.946E-01
9.945E-01
9.945E-01
9.944E-01
9.943E-01
9.943E-01
9.942E-01
9.942E-01
9.941E-01
9.941E-01
9.940E-01
9.940E-01
9.940E-01
9.939E-01
9.939E-01
9.939E-01
9.939E-01
9.939E-01
9.939E-01
9.939E-01
9.939E-01
9.939E-01
9.939E-01
9.939E-01
9.939E-01
9.940E-01
9.940E-01
9.940E-01
9.941E-01
9.941E-01
9.942E-01
9.942E-01
9.943E-01
9.944E-01
9.944E-01
9.945E-01
9.946E-01
9.946E-01
9.947E-01
9.948E-01
9.949E-01
9.949E-01
9.950E-01
9.951E-01
9.952E-01
9.953E-01
9.954E-01
9.955E-01
9.956E-01
9.957E-01
9.958E-01
9.958E-01
9.959E-01
9.960E-01
9.961E-01
9.962E-01
9.963E-01
9.964E-01
9.965E-01
9.966E-01
9.967E-01
9.968E-01
9.969E-01
9.969E-01
9.970E-01
9.971E-01
9.972E-01
9.973E-01
9.973E-01
9.974E-01
9.975E-01
9.976E-01
9.976E-01
9.977E-01
9.978E-01
9.978E-01
9.979E-01
9.980E-01
9.980E-01
9.981E-01
9.981E-01
9.981E-01
9.982E-01
9.982E-01
9.983E-01
9.983E-01
9.984E-01
9.984E-01
9.984E-01
9.985E-01
9.985E-01
9.985E-01
9.985E-01
9.985E-01
9.986E-01
9.986E-01
9.986E-01
9.986E-01
9.986E-01
9.986E-01
9.986E-01
9.987E-01
9.987E-01
9.987E-01
9.987E-01
9.987E-01
9.987E-01
9.987E-01
9.987E-01
9.987E-01
9.987E-01
9.987E-01
9.987E-01
9.987E-01
9.987E-01
9.987E-01
9.987E-01
9.987E-01
9.987E-01
9.987E-01
9.987E-01
9.987E-01
9.987E-01
9.987E-01
9.987E-01
9.987E-01
9.987E-01
9.986E-01
9.986E-01
9.986E-01
9.986E-01
9.986E-01
9.986E-01
9.986E-01
9.986E-01
9.986E-01
9.987E-01
9.987E-01
9.987E-01
9.987E-01
9.987E-01
9.987E-01
9.987E-01
9.987E-01
9.987E-01
9.987E-01
9.987E-01
9.987E-01
9.987E-01
9.987E-01
9.987E-01
9.988E-01
9.988E-01
9.988E-01
9.988E-01
9.988E-01
9.988E-01
9.988E-01
9.988E-01
9.989E-01
9.989E-01
9.989E-01
9.989E-01
9.989E-01
9.989E-01
9.990E-01
9.990E-01
9.990E-01
9.990E-01
9.990E-01
9.990E-01
9.990E-01
9.991E-01
9.991E-01
9.991E-01
9.991E-01
9.991E-01
9.991E-01
9.992E-01
9.992E-01
9.992E-01
9.992E-01
9.992E-01
9.992E-01
9.993E-01
9.993E-01
9.993E-01
9.993E-01
9.993E-01
9.993E-01
9.994E-01
9.994E-01
9.994E-01
9.994E-01
9.994E-01
9.994E-01
9.994E-01
9.994E-01
9.995E-01
9.995E-01
9.995E-01
9.995E-01
9.995E-01
9.995E-01
9.995E-01
9.995E-01
9.995E-01
9.995E-01
9.995E-01
9.996E-01
9.996E-01
9.996E-01
9.996E-01
9.996E-01
9.996E-01
9.996E-01
9.996E-01
9.996E-01
9.996E-01
9.996E-01
9.996E-01
9.996E-01
9.996E-01
9.996E-01
9.996E-01
9.996E-01
9.996E-01
9.996E-01
9.996E-01
9.996E-01
9.996E-01
9.996E-01
9.997E-01
9.997E-01
9.997E-01
9.997E-01
9.997E-01
9.997E-01
9.997E-01
9.997E-01
9.997E-01
9.997E-01
9.997E-01
9.997E-01
9.997E-01
9.997E-01
9.997E-01
9.997E-01
9.997E-01
9.997E-01
9.997E-01
9.997E-01
9.997E-01
9.997E-01
9.997E-01
9.997E-01
9.997E-01
9.997E-01
9.997E-01
9.997E-01
9.997E-01
9.997E-01
9.997E-01
9.997E-01
9.997E-01
9.997E-01
9.997E-01
9.997E-01
9.997E-01
9.997E-01
9.997E-01
9.997E-01
9.997E-01
9.997E-01
9.997E-01
9.997E-01
9.997E-01
9.997E-01
9.997E-01
9.997E-01
9.997E-01
9.997E-01
9.997E-01
9.998E-01
9.998E-01
9.998E-01
9.998E-01
9.998E-01
9.998E-01
9.998E-01
9.998E-01
9.998E-01
9.998E-01
9.998E-01
9.998E-01
9.998E-01
9.998E-01
9.998E-01
9.998E-01
9.998E-01
9.998E-01
9.998E-01
9.998E-01
9.998E-01
9.998E-01
9.998E-01
9.998E-01
9.998E-01
9.998E-01
9.998E-01
9.998E-01
9.998E-01
9.998E-01
9.998E-01
9.998E-01
9.999E-01
9.999E-01
9.999E-01
9.999E-01
9.999E-01
9.999E-01
9.999E-01
9.999E-01
9.999E-01
9.999E-01
9.999E-01
9.999E-01
9.999E-01
9.999E-01
9.999E-01
9.999E-01
9.999E-01
9.999E-01
9.999E-01
9.999E-01
9.999E-01
9.999E-01
9.999E-01
9.999E-01
9.999E-01
9.999E-01
9.999E-01
9.999E-01
9.999E-01
9.999E-01
9.999E-01
9.999E-01
9.999E-01
9.999E-01
9.999E-01
9.999E-01
9.999E-01
9.999E-01
9.999E-01
9.999E-01
9.999E-01
9.999E-01
9.999E-01
9.999E-01
9.999E-01
9.999E-01
9.999E-01
9.999E-01
9.999E-01
9.999E-01
9.999E-01
9.999E-01
9.999E-01
9.999E-01
9.999E-01
9.999E-01
9.999E-01
9.999E-01
9.999E-01
9.999E-01
9.999E-01
9.999E-01
9.999E-01
9.999E-01
9.999E-01
9.999E-01
9.999E-01
9.999E-01
9.999E-01
9.999E-01
9.999E-01
9.999E-01
9.999E-01
9.999E-01
9.999E-01
9.999E-01
9.999E-01
9.999E-01
9.999E-01
9.999E-01
9.999E-01
9.999E-01
9.999E-01
9.999E-01
9.999E-01
9.999E-01
9.999E-01
9.999E-01
9.999E-01
9.999E-01
9.999E-01
9.999E-01
9.999E-01
9.999E-01
9.999E-01
9.999E-01
9.999E-01
9.999E-01
9.999E-01
9.999E-01
1.000E+00
1.000E+00
1.000E+00
1.000E+00
1.000E+00
1.000E+00
1.000E+00
1.000E+00
1.000E+00
1.000E+00
1.000E+00
1.000E+00
1.000E+00
1.000E+00
1.000E+00
1.000E+00
1.000E+00
1.000E+00
1.000E+00
1.000E+00
1.000E+00
1.000E+00
1.000E+00
1.000E+00
1.000E+00
1.000E+00
1.000E+00
1.000E+00
1.000E+00
1.000E+00
1.000E+00
1.000E+00
1.000E+00
1.000E+00
1.000E+00
1.000E+00
1.000E+00
1.000E+00
1.000E+00
1.000E+00
1.000E+00
1.000E+00
1.000E+00
1.000E+00
1.000E+00
1.000E+00
1.000E+00
1.000E+00
1.000E+00
1.000E+00
1.000E+00
1.000E+00
1.000E+00
1.000E+00
1.000E+00
1.000E+00
1.000E+00
1.000E+00
1.000E+00
1.000E+00
1.000E+00
1.000E+00
1.000E+00
1.000E+00
1.000E+00
1.000E+00
1.000E+00
1.000E+00
1.000E+00
1.000E+00
1.000E+00
1.000E+00
1.000E+00
1.000E+00
1.000E+00
1.000E+00
1.000E+00
1.000E+00
1.000E+00
1.000E+00
1.000E+00
1.000E+00
1.000E+00
1.000E+00
1.000E+00
1.000E+00
1.000E+00
1.000E+00
1.000E+00
1.000E+00
1.000E+00
1.000E+00
1.000E+00
1.000E+00
1.000E+00
1.000E+00
1.000E+00
1.000E+00
1.000E+00
1.000E+00
1.000E+00
1.000E+00
1.000E+00
1.000E+00
1.000E+00
1.000E+00
1.000E+00
1.000E+00
1.000E+00
1.000E+00
1.000E+00
1.000E+00
1.000E+00
1.000E+00
1.000E+00
1.000E+00
1.000E+00
1.000E+00
1.000E+00
1.000E+00
1.000E+00
1.000E+00
1.000E+00
1.000E+00
1.000E+00
1.000E+00
1.000E+00
1.000E+00
1.000E+00
1.000E+00
1.000E+00
1.000E+00
1.000E+00
1.000E+00
1.000E+00
1.000E+00
1.000E+00
1.000E+00
1.000E+00
1.000E+00
1.000E+00
1.000E+00
1.000E+00
1.000E+00
1.000E+00
1.000E+00
1.000E+00
1.000E+00
1.000E+00
1.000E+00
1.000E+00
1.000E+00
1.000E+00
1.000E+00
1.000E+00
1.000E+00
1.000E+00
1.000E+00
1.000E+00
1.000E+00
1.000E+00
1.000E+00
1.000E+00
1.000E+00
1.000E+00
1.000E+00
1.000E+00
1.000E+00
1.000E+00
1.000E+00
1.000E+00
1.000E+00
1.000E+00
1.000E+00
1.000E+00
1.000E+00
1.000E+00
1.000E+00
1.000E+00
1.000E+00
1.000E+00
1.000E+00
1.000E+00
1.000E+00
1.000E+00
1.000E+00
1.000E+00
1.000E+00
1.000E+00
1.000E+00
1.000E+00
1.000E+00
1.000E+00
1.000E+00
1.000E+00
1.000E+00
1.000E+00
1.000E+00
1.000E+00
1.000E+00
1.000E+00
1.000E+00
1.000E+00
1.000E+00
1.000E+00
1.000E+00
1.000E+00
1.000E+00
1.000E+00
1.000E+00
1.000E+00
1.000E+00
1.000E+00
1.000E+00
1.000E+00
1.000E+00
1.000E+00
1.000E+00
1.000E+00
1.000E+00
1.000E+00
1.000E+00
1.000E+00
1.000E+00
1.000E+00
1.000E+00
1.000E+00
1.000E+00
1.000E+00
1.000E+00
1.000E+00
