3.057E-08
7.598E-02
4.230E-01
8.525E-01
1.112E+00
1.139E+00
1.022E+00
8.961E-01
8.462E-01
8.802E-01
9.519E-01
1.009E+00
1.028E+00
1.015E+00
9.922E-01
9.776E-01
9.780E-01
9.883E-01
9.995E-01
1.005E+00
1.005E+00
1.001E+00
9.974E-01
9.963E-01
9.975E-01
9.994E-01
1.001E+00
1.001E+00
1.001E+00
9.998E-01
9.995E-01
9.995E-01
9.998E-01
1.000E+00
1.000E+00
1.000E+00
1.000E+00
9.999E-01
9.999E-01
1.000E+00
1.000E+00
1.000E+00
1.000E+00
1.000E+00
1.000E+00
1.000E+00
1.000E+00
1.000E+00
1.000E+00
1.000E+00
1.000E+00
1.000E+00
1.000E+00
1.000E+00
1.000E+00
1.000E+00
1.000E+00
1.000E+00
1.000E+00
1.000E+00
1.000E+00
1.000E+00
1.000E+00
1.000E+00
1.000E+00
1.000E+00
1.000E+00
1.000E+00
1.000E+00
1.000E+00
1.000E+00
1.000E+00
1.000E+00
1.000E+00
1.000E+00
1.000E+00
1.000E+00
1.000E+00
1.000E+00
1.000E+00
1.000E+00
1.000E+00
1.000E+00
1.000E+00
1.000E+00
1.000E+00
1.000E+00
1.000E+00
1.000E+00
1.000E+00
1.000E+00
1.000E+00
1.000E+00
1.000E+00
1.000E+00
1.000E+00
1.000E+00
1.000E+00
1.000E+00
1.000E+00
1.000E+00