3.057E-08
3.194E-05
4.013E-04
1.624E-03
4.248E-03
9.223E-03
1.668E-02
2.689E-02
3.873E-02
5.401E-02
7.598E-02
9.990E-02
1.252E-01
1.556E-01
1.875E-01
2.222E-01
2.560E-01
2.976E-01
3.392E-01
3.805E-01
4.230E-01
4.683E-01
5.126E-01
5.586E-01
6.033E-01
6.447E-01
6.914E-01
7.335E-01
7.750E-01
8.143E-01
8.525E-01
8.877E-01
9.223E-01
9.552E-01
9.850E-01
1.012E+00
1.037E+00
1.060E+00
1.080E+00
1.098E+00
1.112E+00
1.125E+00
1.135E+00
1.143E+00
1.149E+00
1.152E+00
1.153E+00
1.152E+00
1.150E+00
1.145E+00
1.139E+00
1.132E+00
1.123E+00
1.113E+00
1.102E+00
1.091E+00
1.078E+00
1.064E+00
1.050E+00
1.037E+00
1.022E+00
1.008E+00
9.945E-01
9.806E-01
9.661E-01
9.536E-01
9.416E-01
9.291E-01
9.192E-01
9.059E-01
8.961E-01
8.871E-01
8.787E-01
8.715E-01
8.647E-01
8.591E-01
8.547E-01
8.511E-01
8.485E-01
8.469E-01
8.462E-01
8.463E-01
8.473E-01
8.492E-01
8.517E-01
8.550E-01
8.589E-01
8.636E-01
8.682E-01
8.742E-01
8.802E-01
8.865E-01
8.931E-01
9.001E-01
9.075E-01
9.151E-01
9.225E-01
9.300E-01
9.374E-01
9.448E-01
9.519E-01
9.591E-01
9.657E-01
9.723E-01
9.787E-01
9.848E-01
9.904E-01
9.958E-01
1.001E+00
1.005E+00
1.009E+00
1.013E+00
1.016E+00
1.019E+00
1.022E+00
1.024E+00
1.026E+00
1.027E+00
1.028E+00
1.028E+00
1.028E+00
1.028E+00
1.028E+00
1.027E+00
1.026E+00
1.025E+00
1.023E+00
1.021E+00
1.020E+00
1.018E+00
1.015E+00
1.013E+00
1.011E+00
1.009E+00
1.006E+00
1.004E+00
1.001E+00
9.989E-01
9.966E-01
9.943E-01
9.922E-01
9.901E-01
9.882E-01
9.864E-01
9.846E-01
9.831E-01
9.817E-01
9.804E-01
9.794E-01
9.785E-01
9.776E-01
9.770E-01
9.765E-01
9.762E-01
9.760E-01
9.760E-01
9.761E-01
9.764E-01
9.768E-01
9.773E-01
9.780E-01
9.787E-01
9.795E-01
9.804E-01
9.814E-01
9.825E-01
9.835E-01
9.847E-01
9.859E-01
9.871E-01
9.883E-01
9.895E-01
9.908E-01
9.920E-01
9.931E-01
9.943E-01
9.954E-01
9.965E-01
9.976E-01
9.985E-01
9.995E-01
1.000E+00
1.001E+00
1.002E+00
1.003E+00
1.003E+00
1.004E+00
1.004E+00
1.005E+00
1.005E+00
1.005E+00
1.005E+00
1.006E+00
1.006E+00
1.006E+00
1.006E+00
1.006E+00
1.005E+00
1.005E+00
1.005E+00
1.005E+00
1.004E+00
1.004E+00
1.004E+00
1.003E+00
1.003E+00
1.003E+00
1.002E+00
1.002E+00
1.001E+00
1.001E+00
1.000E+00
1.000E+00
9.996E-01
9.992E-01
9.989E-01
9.985E-01
9.982E-01
9.979E-01
9.976E-01
9.974E-01
9.972E-01
9.970E-01
9.968E-01
9.966E-01
9.965E-01
9.964E-01
9.964E-01
9.963E-01
9.963E-01
9.963E-01
9.964E-01
9.964E-01
9.965E-01
9.966E-01
9.967E-01
9.968E-01
9.970E-01
9.971E-01
9.973E-01
9.975E-01
9.976E-01
9.978E-01
9.980E-01
9.983E-01
9.985E-01
9.986E-01
9.988E-01
9.990E-01
9.992E-01
9.994E-01
9.996E-01
9.998E-01
9.999E-01
1.000E+00
1.000E+00
1.000E+00
1.000E+00
1.001E+00
1.001E+00
1.001E+00
1.001E+00
1.001E+00
1.001E+00
1.001E+00
1.001E+00
1.001E+00
1.001E+00
1.001E+00
1.001E+00
1.001E+00
1.001E+00
1.001E+00
1.001E+00
1.001E+00
1.001E+00
1.001E+00
1.001E+00
1.001E+00
1.001E+00
1.001E+00
1.000E+00
1.000E+00
1.000E+00
1.000E+00
1.000E+00
1.000E+00
1.000E+00
1.000E+00
9.999E-01
9.998E-01
9.998E-01
9.997E-01
9.997E-01
9.996E-01
9.996E-01
9.996E-01
9.995E-01
9.995E-01
9.995E-01
9.995E-01
9.995E-01
9.994E-01
9.994E-01
9.994E-01
9.994E-01
9.994E-01
9.995E-01
9.995E-01
9.995E-01
9.995E-01
9.995E-01
9.996E-01
9.996E-01
9.996E-01
9.996E-01
9.997E-01
9.997E-01
9.997E-01
9.998E-01
9.998E-01
9.998E-01
9.999E-01
9.999E-01
9.999E-01
1.000E+00
1.000E+00
1.000E+00
1.000E+00
1.000E+00
1.000E+00
1.000E+00
1.000E+00
1.000E+00
1.000E+00
1.000E+00
1.000E+00
1.000E+00
1.000E+00
1.000E+00
1.000E+00
1.000E+00
1.000E+00
1.000E+00
1.000E+00
1.000E+00
1.000E+00
1.000E+00
1.000E+00
1.000E+00
1.000E+00
1.000E+00
1.000E+00
1.000E+00
1.000E+00
1.000E+00
1.000E+00
1.000E+00
1.000E+00
1.000E+00
1.000E+00
1.000E+00
1.000E+00
1.000E+00
1.000E+00
1.000E+00
1.000E+00
1.000E+00
9.999E-01
9.999E-01
9.999E-01
9.999E-01
9.999E-01
9.999E-01
9.999E-01
9.999E-01
9.999E-01
9.999E-01
9.999E-01
9.999E-01
9.999E-01
9.999E-01
9.999E-01
9.999E-01
9.999E-01
9.999E-01
9.999E-01
9.999E-01
9.999E-01
9.999E-01
1.000E+00
1.000E+00
1.000E+00
1.000E+00
1.000E+00
1.000E+00
1.000E+00
1.000E+00
1.000E+00
1.000E+00
1.000E+00
1.000E+00
1.000E+00
1.000E+00
1.000E+00
1.000E+00
1.000E+00
1.000E+00
1.000E+00
1.000E+00
1.000E+00
1.000E+00
1.000E+00
1.000E+00
1.000E+00
1.000E+00
1.000E+00
1.000E+00
1.000E+00
1.000E+00
1.000E+00
1.000E+00
1.000E+00
1.000E+00
1.000E+00
1.000E+00
1.000E+00
1.000E+00
1.000E+00
1.000E+00
1.000E+00
1.000E+00
1.000E+00
1.000E+00
1.000E+00
1.000E+00
1.000E+00
1.000E+00
1.000E+00
1.000E+00
1.000E+00
1.000E+00
1.000E+00
1.000E+00
1.000E+00
1.000E+00
1.000E+00
1.000E+00
1.000E+00
1.000E+00
1.000E+00
1.000E+00
1.000E+00
1.000E+00
1.000E+00
1.000E+00
1.000E+00
1.000E+00
1.000E+00
1.000E+00
1.000E+00
1.000E+00
1.000E+00
1.000E+00
1.000E+00
1.000E+00
1.000E+00
1.000E+00
1.000E+00
1.000E+00
1.000E+00
1.000E+00
1.000E+00
1.000E+00
1.000E+00
1.000E+00
1.000E+00
1.000E+00
1.000E+00
1.000E+00
1.000E+00
1.000E+00
1.000E+00
1.000E+00
1.000E+00
1.000E+00
1.000E+00
1.000E+00
1.000E+00
1.000E+00
1.000E+00
1.000E+00
1.000E+00
1.000E+00
1.000E+00
1.000E+00
1.000E+00
1.000E+00
1.000E+00
1.000E+00
1.000E+00
1.000E+00
1.000E+00
1.000E+00
1.000E+00
1.000E+00
1.000E+00
1.000E+00
1.000E+00
1.000E+00
1.000E+00
1.000E+00
1.000E+00
1.000E+00
1.000E+00
1.000E+00
1.000E+00
1.000E+00
1.000E+00
1.000E+00
1.000E+00
1.000E+00
1.000E+00
1.000E+00
1.000E+00
1.000E+00
1.000E+00
1.000E+00
1.000E+00
1.000E+00
1.000E+00
1.000E+00
1.000E+00
1.000E+00
1.000E+00
1.000E+00
1.000E+00
1.000E+00
1.000E+00
1.000E+00
1.000E+00
1.000E+00
1.000E+00
1.000E+00
1.000E+00
1.000E+00
1.000E+00
1.000E+00
1.000E+00
1.000E+00
1.000E+00
1.000E+00
1.000E+00
1.000E+00
1.000E+00
1.000E+00
1.000E+00
1.000E+00
1.000E+00
1.000E+00
1.000E+00
1.000E+00
1.000E+00
1.000E+00
1.000E+00
1.000E+00
1.000E+00
1.000E+00
1.000E+00
1.000E+00
1.000E+00
1.000E+00
1.000E+00
1.000E+00
1.000E+00
1.000E+00
1.000E+00
1.000E+00
1.000E+00
1.000E+00
1.000E+00
1.000E+00
1.000E+00
1.000E+00
1.000E+00
1.000E+00
1.000E+00
1.000E+00
1.000E+00
1.000E+00
1.000E+00
1.000E+00
1.000E+00
1.000E+00
1.000E+00
1.000E+00
1.000E+00
1.000E+00
1.000E+00
1.000E+00
1.000E+00
1.000E+00
1.000E+00
1.000E+00
1.000E+00
1.000E+00
1.000E+00
1.000E+00
1.000E+00
1.000E+00
1.000E+00
1.000E+00
1.000E+00
1.000E+00
1.000E+00
1.000E+00
1.000E+00
1.000E+00
1.000E+00
1.000E+00
1.000E+00
1.000E+00
1.000E+00
1.000E+00
1.000E+00
1.000E+00
1.000E+00
1.000E+00
1.000E+00
1.000E+00
1.000E+00
1.000E+00
1.000E+00
1.000E+00
1.000E+00
1.000E+00
1.000E+00
1.000E+00
1.000E+00
1.000E+00
1.000E+00
1.000E+00
1.000E+00
1.000E+00
1.000E+00
1.000E+00
1.000E+00
1.000E+00
1.000E+00
1.000E+00
1.000E+00
1.000E+00
1.000E+00
1.000E+00
1.000E+00
1.000E+00
1.000E+00
1.000E+00
1.000E+00
1.000E+00
1.000E+00
1.000E+00
1.000E+00
1.000E+00
1.000E+00
1.000E+00
1.000E+00
1.000E+00
1.000E+00
1.000E+00
1.000E+00
1.000E+00
1.000E+00
1.000E+00
1.000E+00
1.000E+00
1.000E+00
1.000E+00
1.000E+00
1.000E+00
1.000E+00
1.000E+00
1.000E+00
1.000E+00
1.000E+00
1.000E+00
1.000E+00
1.000E+00
1.000E+00
1.000E+00
1.000E+00
1.000E+00
1.000E+00
1.000E+00
1.000E+00
1.000E+00
1.000E+00
1.000E+00
1.000E+00
1.000E+00
1.000E+00
1.000E+00
1.000E+00
1.000E+00
1.000E+00
1.000E+00
1.000E+00
1.000E+00
1.000E+00
1.000E+00
1.000E+00
1.000E+00
1.000E+00
1.000E+00
1.000E+00
1.000E+00
1.000E+00
1.000E+00
1.000E+00
1.000E+00
1.000E+00
1.000E+00
1.000E+00
1.000E+00
1.000E+00
1.000E+00
1.000E+00
1.000E+00
1.000E+00
1.000E+00
1.000E+00
1.000E+00
1.000E+00
1.000E+00
1.000E+00
1.000E+00
1.000E+00
1.000E+00
1.000E+00
1.000E+00
1.000E+00
1.000E+00
1.000E+00
1.000E+00
1.000E+00
1.000E+00
1.000E+00
1.000E+00
1.000E+00
1.000E+00
1.000E+00
1.000E+00
1.000E+00
1.000E+00
1.000E+00
1.000E+00
1.000E+00
1.000E+00
1.000E+00
1.000E+00
1.000E+00
1.000E+00
1.000E+00
1.000E+00
1.000E+00
1.000E+00
1.000E+00
1.000E+00
1.000E+00
1.000E+00
1.000E+00
1.000E+00
1.000E+00
1.000E+00
1.000E+00
1.000E+00
1.000E+00
1.000E+00
1.000E+00
1.000E+00
1.000E+00
1.000E+00
1.000E+00
1.000E+00
1.000E+00
1.000E+00
1.000E+00
1.000E+00
1.000E+00
1.000E+00
1.000E+00
1.000E+00
1.000E+00
1.000E+00
1.000E+00
1.000E+00
1.000E+00
1.000E+00
1.000E+00
1.000E+00
1.000E+00
1.000E+00
1.000E+00
1.000E+00
1.000E+00
1.000E+00
1.000E+00
1.000E+00
1.000E+00
1.000E+00
1.000E+00
1.000E+00
1.000E+00
1.000E+00
1.000E+00
1.000E+00
1.000E+00
1.000E+00
1.000E+00
1.000E+00
1.000E+00
1.000E+00
1.000E+00
1.000E+00
1.000E+00
1.000E+00
1.000E+00
1.000E+00
1.000E+00
1.000E+00
1.000E+00
1.000E+00
1.000E+00
1.000E+00
1.000E+00
1.000E+00
1.000E+00
1.000E+00
1.000E+00
1.000E+00
1.000E+00
1.000E+00
1.000E+00
1.000E+00
1.000E+00
1.000E+00
1.000E+00
1.000E+00
1.000E+00
1.000E+00
1.000E+00
1.000E+00
1.000E+00
1.000E+00
1.000E+00
1.000E+00
1.000E+00
1.000E+00
1.000E+00
1.000E+00
1.000E+00
1.000E+00
1.000E+00
1.000E+00
1.000E+00
1.000E+00
1.000E+00
1.000E+00
1.000E+00
1.000E+00
1.000E+00
1.000E+00
1.000E+00
1.000E+00
1.000E+00
1.000E+00
1.000E+00
1.000E+00
1.000E+00
1.000E+00
1.000E+00
1.000E+00
1.000E+00
1.000E+00
1.000E+00
1.000E+00
1.000E+00
1.000E+00
1.000E+00
1.000E+00
1.000E+00
1.000E+00
1.000E+00
1.000E+00
1.000E+00
1.000E+00
1.000E+00
1.000E+00
1.000E+00
1.000E+00
1.000E+00
1.000E+00
1.000E+00
1.000E+00
1.000E+00
1.000E+00
1.000E+00
1.000E+00
1.000E+00
1.000E+00
1.000E+00
1.000E+00
1.000E+00
1.000E+00
1.000E+00
1.000E+00
1.000E+00
1.000E+00
1.000E+00
1.000E+00
1.000E+00
1.000E+00
1.000E+00
1.000E+00
1.000E+00
1.000E+00
1.000E+00
1.000E+00
1.000E+00
1.000E+00
1.000E+00
1.000E+00
1.000E+00
1.000E+00
1.000E+00
1.000E+00
1.000E+00
1.000E+00
1.000E+00
1.000E+00
1.000E+00
1.000E+00
1.000E+00
1.000E+00
1.000E+00
1.000E+00
1.000E+00
1.000E+00
1.000E+00
1.000E+00
1.000E+00
1.000E+00
1.000E+00
1.000E+00
1.000E+00
1.000E+00
1.000E+00
1.000E+00
1.000E+00
1.000E+00
1.000E+00
1.000E+00
1.000E+00
1.000E+00
1.000E+00
1.000E+00
1.000E+00
1.000E+00
1.000E+00
1.000E+00
1.000E+00
1.000E+00
1.000E+00
1.000E+00
1.000E+00
1.000E+00
1.000E+00
1.000E+00
1.000E+00
1.000E+00
1.000E+00
1.000E+00
1.000E+00
1.000E+00
1.000E+00
1.000E+00
1.000E+00
1.000E+00
1.000E+00
1.000E+00
1.000E+00
1.000E+00
1.000E+00
1.000E+00
1.000E+00
1.000E+00
1.000E+00
1.000E+00
1.000E+00
1.000E+00
1.000E+00
